Webots Project File version R2020a
perspectives: 000000ff00000000fd0000000300000000000001e300000294fc0100000003fc00000000ffffffff0000000000fffffffc0200000001fb00000012005300630065006e006500540072006500650100000015000003c10000000000000000fb0000001e00480074006d006c0052006f0062006f007400570069006e0064006f00770000000000000001e30000000000000000fb0000001a0044006f00630075006d0065006e0074006100740069006f006e0000000000ffffffff0000006900ffffff00000001000001bd000001cffc0200000001fb0000001400540065007800740045006400690074006f00720100000016000001cf0000008900ffffff000000030000051b000000c3fc0100000001fb0000000e0043006f006e0073006f006c006501000000000000051b0000006900ffffff0000035c000001cf00000004000000040000000100000008fc00000000
simulationViewPerspectives: 000000ff000000010000000200000000000002f10100000002010000000101
sceneTreePerspectives: 000000ff0000000100000002000000c0000000fa0100000002010000000201
maximizedDockId: -1
centralWidgetVisible: 1
selectionDisabled: 0
viewpointLocked: 0
orthographicViewHeight: 1
textFiles: 1 "controllers/contest_manager/contest_manager.c" "controllers/contest_manager/maze_generator.c" "controllers/contest_manager/parameters.h"
globalOptionalRendering: DistanceSensorRays
renderingDevicePerspectives: Rat0:camera;1;3;0.0705181;0.653543
renderingDevicePerspectives: robot:helper_display;0;2.5;0.354582;0.0566298
renderingDevicePerspectives: Rat1:camera;0;3;0;0.580986
renderingDevicePerspectives: robot:debug_display;0;5.7619;0.509961;0
